Decay mode fractions ->

Format : ptbin_era = 1prong, 1prongpi0, 3prong, 3prongpi0

++++++++++++++++++++++++++++++++++++++++++++++
+++++ TightVSmu VVLooseVSe discriminants +++++
++++++++++++++++++++++++++++++++++++++++++++++

LooseVSjet 
r_lowpt_16APV  = 0.161,  0.495,  0.239,  0.106
r_highpt_16APV = 0.181,  0.536,  0.171,  0.112
r_lowpt_16     = 0.157,  0.514,  0.223,  0.107
r_highpt_16    = 0.177,  0.566,  0.146,  0.111
r_lowpt_17     = 0.148,  0.525,  0.221,  0.106
r_highpt_17    = 0.171,  0.545,  0.167,  0.117
r_lowpt_18     = 0.150,  0.505,  0.240,  0.105
r_highpt_18    = 0.189,  0.545,  0.165,  0.101


MediumVSjet
r_lowpt_16APV  = 0.166,  0.496,  0.242,  0.096
r_highpt_16APV = 0.184,  0.534,  0.172,  0.110
r_lowpt_16     = 0.161,  0.517,  0.225,  0.097
r_highpt_16    = 0.181,  0.567,  0.147,  0.105
r_lowpt_17     = 0.150,  0.533,  0.221,  0.096
r_highpt_17    = 0.174,  0.547,  0.167,  0.112
r_lowpt_18     = 0.153,  0.508,  0.241,  0.098
r_highpt_18    = 0.191,  0.546,  0.165,  0.097


TightVSjet
r_lowpt_16APV  = 0.169,  0.495,  0.249,  0.087
r_highpt_16APV = 0.190,  0.536,  0.173,  0.102
r_lowpt_16     = 0.165,  0.516,  0.232,  0.086
r_highpt_16    = 0.183,  0.570,  0.150,  0.097
r_lowpt_17     = 0.156,  0.535,  0.223,  0.086
r_highpt_17    = 0.178,  0.547,  0.170,  0.105
r_lowpt_18     = 0.160,  0.510,  0.243,  0.087
r_highpt_18    = 0.196,  0.547,  0.164,  0.092


VTightVSjet
r_lowpt_16APV  = 0.172,  0.492,  0.260,  0.075
r_highpt_16APV = 0.191,  0.538,  0.177,  0.093
r_lowpt_16     = 0.169,  0.514,  0.243,  0.074
r_highpt_16    = 0.183,  0.573,  0.151,  0.093
r_lowpt_17     = 0.159,  0.538,  0.227,  0.076
r_highpt_17    = 0.182,  0.549,  0.169,  0.101
r_lowpt_18     = 0.163,  0.510,  0.249,  0.078
r_highpt_18    = 0.199,  0.549,  0.164,  0.088


VVTightVSjet
r_lowpt_16APV  = 0.172,  0.488,  0.276,  0.063
r_highpt_16APV = 0.193,  0.538,  0.181,  0.088
r_lowpt_16     = 0.173,  0.508,  0.256,  0.063
r_highpt_16    = 0.188,  0.572,  0.151,  0.089
r_lowpt_17     = 0.161,  0.538,  0.237,  0.064
r_highpt_17    = 0.183,  0.552,  0.173,  0.091
r_lowpt_18     = 0.166,  0.510,  0.259,  0.066
r_highpt_18    = 0.204,  0.548,  0.164,  0.084


++++++++++++++++++++++++++++++++++++++++++++
+++++ TightVSmu TightVSe discriminants +++++
++++++++++++++++++++++++++++++++++++++++++++

LooseVSjet
r_lowpt_16APV  = 0.105,  0.488,  0.283,  0.124
r_highpt_16APV = 0.131,  0.524,  0.208,  0.138
r_lowpt_16     = 0.104,  0.509,  0.262,  0.126
r_highpt_16    = 0.138,  0.550,  0.178,  0.133
r_lowpt_17     = 0.106,  0.518,  0.255,  0.122
r_highpt_17    = 0.135,  0.525,  0.199,  0.140
r_lowpt_18     = 0.107,  0.495,  0.277,  0.121
r_highpt_18    = 0.149,  0.530,  0.198,  0.123


MediumVSjet
r_lowpt_16APV  = 0.109,  0.490,  0.287,  0.113
r_highpt_16APV = 0.134,  0.523,  0.208,  0.135
r_lowpt_16     = 0.108,  0.513,  0.264,  0.114
r_highpt_16    = 0.143,  0.553,  0.179,  0.126
r_lowpt_17     = 0.110,  0.526,  0.254,  0.111
r_highpt_17    = 0.138,  0.529,  0.199,  0.134
r_lowpt_18     = 0.110,  0.499,  0.279,  0.112
r_highpt_18    = 0.151,  0.534,  0.197,  0.118


TightVSjet
r_lowpt_16APV  = 0.113,  0.490,  0.295,  0.103
r_highpt_16APV = 0.140,  0.527,  0.209,  0.124
r_lowpt_16     = 0.113,  0.513,  0.273,  0.101
r_highpt_16    = 0.145,  0.557,  0.182,  0.116
r_lowpt_17     = 0.115,  0.529,  0.257,  0.099
r_highpt_17    = 0.142,  0.530,  0.202,  0.126
r_lowpt_18     = 0.115,  0.505,  0.280,  0.100
r_highpt_18    = 0.155,  0.537,  0.196,  0.112


VTightVSjet
r_lowpt_16APV  = 0.120,  0.487,  0.306,  0.088
r_highpt_16APV = 0.146,  0.529,  0.212,  0.113
r_lowpt_16     = 0.117,  0.512,  0.284,  0.087
r_highpt_16    = 0.147,  0.559,  0.183,  0.111
r_lowpt_17     = 0.121,  0.532,  0.260,  0.087
r_highpt_17    = 0.145,  0.533,  0.201,  0.120
r_lowpt_18     = 0.120,  0.505,  0.286,  0.089
r_highpt_18    = 0.160,  0.538,  0.197,  0.106


VVTightVSjet
r_lowpt_16APV  = 0.123,  0.483,  0.321,  0.073
r_highpt_16APV = 0.149,  0.528,  0.217,  0.106
r_lowpt_16     = 0.125,  0.506,  0.297,  0.073
r_highpt_16    = 0.155,  0.560,  0.182,  0.104
r_lowpt_17     = 0.126,  0.533,  0.269,  0.072
r_highpt_17    = 0.147,  0.540,  0.205,  0.108
r_lowpt_18     = 0.125,  0.505,  0.294,  0.075
r_highpt_18    = 0.165,  0.537,  0.196,  0.102

